32 32 
.......@.........@@.......@.....
.....................@...@.....@
.......@@......@..@@......@.....
...............@.............@..
@..............@........@.......
.........@..........@.@.........
@...@.@.........................
........@..............@@.......
..@...@.....@.@@...@......@.....
........@...@.............@.....
.................@..............
.......@@....@......@..........@
@....@.@...@.@.............@...@
@........@.@..................@.
....@..@@.......................
........@......@....@...........
@.................@............@
............................@...
@@....@........@.@..............
...@......................@.@...
....@...........................
....@.........................@@
@.............@.......@..@......
....................@..@.@..@...
.....@@..............@..........
................................
.@............@......@......@..@
.......@........................
...@.................@@.........
.........@............@.........
....@..........@................
...@...................@........
25 
24 13 25 6 
26 26 18 29 
26 29 5 5 
31 1 23 8 
23 19 14 1 
3 6 1 29 
22 27 22 21 
13 21 0 12 
28 8 4 26 
5 8 8 1 
22 5 23 14 
25 16 23 24 
23 6 18 3 
20 29 21 22 
31 24 21 14 
27 17 30 13 
7 20 2 25 
9 18 21 21 
16 7 27 28 
6 17 0 9 
26 19 30 3 
9 7 0 29 
5 29 11 26 
24 31 16 19 
19 30 7 2 
