32 32 
.......@.........@@.......@.....
.....................@...@.....@
.......@@......@..@@......@.....
...............@.............@..
@..............@........@.......
.........@..........@.@.........
@...@.@.........................
........@..............@@.......
..@...@.....@.@@...@......@.....
........@...@.............@.....
.................@..............
.......@@....@......@..........@
@....@.@...@.@.............@...@
@........@.@..................@.
....@..@@.......................
........@......@....@...........
@.................@............@
............................@...
@@....@........@.@..............
...@......................@.@...
....@...........................
....@.........................@@
@.............@.......@..@......
....................@..@.@..@...
.....@@..............@..........
................................
.@............@......@......@..@
.......@........................
...@.................@@.........
.........@............@.........
....@..........@................
...@...................@........
30 
16 26 8 11 
27 21 20 5 
18 16 8 1 
24 29 16 7 
10 18 4 30 
0 24 8 21 
25 24 28 24 
4 19 13 19 
25 19 29 30 
0 0 23 6 
30 7 29 2 
11 27 30 17 
6 30 2 1 
7 16 12 25 
15 31 10 14 
6 8 24 12 
10 6 6 2 
10 0 21 25 
9 14 31 24 
11 11 27 15 
28 30 0 3 
31 12 17 27 
1 24 1 16 
29 15 31 17 
24 28 9 29 
25 28 28 12 
12 16 5 29 
13 21 22 29 
20 22 28 4 
25 27 15 27 
