32 32 
@@@@@@@@@@@@@@@@@@@@@@@@@@@@@@@@
@..@..@.........................
@..@..@.........................
@..@..@..@@@@@@@@@@@@@..@@@@..@.
@.....@..............@..@..@..@.
@.....@..............@..@..@..@.
@..@@@@@@@..@@@@@@@@@@..@..@@@@.
@...........@...........@.....@.
@...........@...........@.....@.
@@@@@@@@@@@@@..@@@@..@@@@..@@@@@
@..............@.....@..@..@....
@..............@.....@..@..@....
@..@@@@@@@@@@@@@@@@@@@..@..@@@@.
@..............@.....@.....@....
@..............@.....@.....@....
@..@@@@@@@..@@@@..@..@@@@..@..@@
@..@........@.....@........@..@.
@..@........@.....@........@..@.
@@@@..@@@@..@..@@@@..@@@@@@@..@.
@.....@.....@..@.....@........@.
@.....@.....@..@.....@........@.
@..@..@@@@@@@..@..@@@@..@@@@@@@.
@..@........@..@..@..@..@.......
@..@........@..@..@..@..@.......
@..@@@@..@@@@..@@@@..@..@@@@@@@.
@..@..@.................@.......
@..@..@.................@.......
@..@..@@@@@@@@@@..@@@@@@@..@@@@.
@..@..@........@..@........@..@.
@..@..@........@..@........@..@.
@..@..@@@@..@..@..@@@@..@@@@..@.
@.....@.....@...........@.......
35 
15 28 13 20 
30 1 25 11 
25 27 17 16 
30 29 2 8 
31 18 28 1 
22 31 17 9 
1 8 2 13 
19 5 22 25 
31 16 4 1 
6 23 4 10 
21 5 8 2 
5 26 20 8 
15 20 14 28 
8 20 11 25 
25 12 27 4 
30 31 10 8 
1 2 30 17 
23 8 26 19 
8 9 2 10 
7 23 22 26 
24 7 19 1 
6 25 20 20 
31 2 25 1 
1 30 13 4 
29 17 17 28 
26 12 5 7 
22 16 11 30 
13 9 13 9 
8 26 13 26 
17 31 11 3 
6 11 31 4 
2 31 16 9 
2 24 24 2 
4 22 10 19 
10 23 23 16 
