32 32 
.......@.........@@.......@.....
.....................@...@.....@
.......@@......@..@@......@.....
...............@.............@..
@..............@........@.......
.........@..........@.@.........
@...@.@.........................
........@..............@@.......
..@...@.....@.@@...@......@.....
........@...@.............@.....
.................@..............
.......@@....@......@..........@
@....@.@...@.@.............@...@
@........@.@..................@.
....@..@@.......................
........@......@....@...........
@.................@............@
............................@...
@@....@........@.@..............
...@......................@.@...
....@...........................
....@.........................@@
@.............@.......@..@......
....................@..@.@..@...
.....@@..............@..........
................................
.@............@......@......@..@
.......@........................
...@.................@@.........
.........@............@.........
....@..........@................
...@...................@........
35 
11 18 19 10 
2 9 25 22 
19 8 13 6 
25 9 21 13 
26 2 23 6 
11 5 27 0 
10 19 2 5 
29 17 13 3 
22 16 24 19 
25 26 6 11 
22 4 25 21 
26 10 24 17 
31 7 12 3 
31 8 17 3 
6 5 20 11 
23 17 17 18 
23 0 19 15 
7 1 25 28 
7 31 27 24 
13 18 11 4 
29 18 2 3 
14 3 16 14 
23 22 0 13 
25 13 16 26 
12 12 14 23 
22 15 19 12 
1 19 9 21 
7 2 29 20 
31 15 10 30 
11 23 31 11 
22 13 31 6 
21 0 16 22 
7 14 23 7 
10 29 14 17 
26 16 12 20 
