32 32 
.......@.........@@.......@.....
.....................@...@.....@
.......@@......@..@@......@.....
...............@.............@..
@..............@........@.......
.........@..........@.@.........
@...@.@.........................
........@..............@@.......
..@...@.....@.@@...@......@.....
........@...@.............@.....
.................@..............
.......@@....@......@..........@
@....@.@...@.@.............@...@
@........@.@..................@.
....@..@@.......................
........@......@....@...........
@.................@............@
............................@...
@@....@........@.@..............
...@......................@.@...
....@...........................
....@.........................@@
@.............@.......@..@......
....................@..@.@..@...
.....@@..............@..........
................................
.@............@......@......@..@
.......@........................
...@.................@@.........
.........@............@.........
....@..........@................
...@...................@........
45 
25 2 22 29 
8 29 6 2 
25 4 4 14 
2 30 7 28 
11 22 16 19 
3 22 14 2 
16 29 23 11 
11 14 28 28 
20 10 18 11 
31 22 17 11 
14 11 10 24 
19 21 23 21 
3 10 16 21 
13 2 23 15 
3 23 27 6 
2 24 27 9 
0 25 4 2 
2 29 29 14 
20 5 4 25 
23 18 3 17 
28 19 3 25 
17 1 0 20 
19 30 7 9 
11 11 28 25 
5 25 30 23 
29 15 14 15 
14 31 19 16 
0 6 31 24 
0 9 15 1 
26 13 18 27 
13 8 30 5 
26 3 1 1 
1 3 13 5 
8 16 4 3 
11 4 8 3 
3 12 21 27 
14 16 17 22 
14 27 17 14 
21 5 27 28 
14 21 31 16 
24 13 2 13 
29 2 31 10 
31 27 30 6 
29 13 14 14 
3 3 29 27 
