32 32 
@@@@@@@@@@@@@@@@@@@@@@@@@@@@@@@@
@..@..@.........................
@..@..@.........................
@..@..@..@@@@@@@@@@@@@..@@@@..@.
@.....@..............@..@..@..@.
@.....@..............@..@..@..@.
@..@@@@@@@..@@@@@@@@@@..@..@@@@.
@...........@...........@.....@.
@...........@...........@.....@.
@@@@@@@@@@@@@..@@@@..@@@@..@@@@@
@..............@.....@..@..@....
@..............@.....@..@..@....
@..@@@@@@@@@@@@@@@@@@@..@..@@@@.
@..............@.....@.....@....
@..............@.....@.....@....
@..@@@@@@@..@@@@..@..@@@@..@..@@
@..@........@.....@........@..@.
@..@........@.....@........@..@.
@@@@..@@@@..@..@@@@..@@@@@@@..@.
@.....@.....@..@.....@........@.
@.....@.....@..@.....@........@.
@..@..@@@@@@@..@..@@@@..@@@@@@@.
@..@........@..@..@..@..@.......
@..@........@..@..@..@..@.......
@..@@@@..@@@@..@@@@..@..@@@@@@@.
@..@..@.................@.......
@..@..@.................@.......
@..@..@@@@@@@@@@..@@@@@@@..@@@@.
@..@..@........@..@........@..@.
@..@..@........@..@........@..@.
@..@..@@@@..@..@..@@@@..@@@@..@.
@.....@.....@...........@.......
50 
24 13 25 22 
29 4 29 21 
11 4 31 26 
8 4 28 7 
31 10 7 18 
8 29 15 28 
31 2 8 21 
29 31 11 8 
22 22 4 2 
23 23 5 31 
4 3 23 9 
8 6 24 8 
13 1 26 9 
16 10 10 12 
13 14 15 2 
26 16 24 31 
11 1 23 1 
7 3 4 12 
15 17 8 20 
10 22 14 19 
5 20 11 7 
8 11 18 29 
31 30 16 7 
13 6 2 2 
4 23 29 19 
23 31 23 13 
8 5 20 9 
16 8 17 17 
6 1 10 2 
9 26 18 14 
26 13 31 31 
22 5 28 22 
25 7 10 23 
8 31 5 10 
25 23 19 2 
30 13 28 5 
14 18 4 1 
4 7 25 13 
13 13 7 17 
20 11 7 27 
2 19 28 12 
25 11 25 18 
2 15 16 4 
12 23 16 6 
10 26 10 18 
11 3 5 2 
24 7 28 19 
30 31 24 23 
29 9 2 26 
7 14 14 2 
