32 32 
.......@.........@@.......@.....
.....................@...@.....@
.......@@......@..@@......@.....
...............@.............@..
@..............@........@.......
.........@..........@.@.........
@...@.@.........................
........@..............@@.......
..@...@.....@.@@...@......@.....
........@...@.............@.....
.................@..............
.......@@....@......@..........@
@....@.@...@.@.............@...@
@........@.@..................@.
....@..@@.......................
........@......@....@...........
@.................@............@
............................@...
@@....@........@.@..............
...@......................@.@...
....@...........................
....@.........................@@
@.............@.......@..@......
....................@..@.@..@...
.....@@..............@..........
................................
.@............@......@......@..@
.......@........................
...@.................@@.........
.........@............@.........
....@..........@................
...@...................@........
40 
16 15 17 17 
8 10 4 25 
4 8 7 19 
10 30 26 19 
4 6 27 18 
13 4 10 31 
0 2 23 21 
6 12 17 5 
0 10 7 0 
24 13 15 28 
2 21 31 18 
24 27 9 21 
10 18 24 24 
24 4 5 31 
23 0 7 15 
15 25 18 7 
14 17 29 29 
27 12 17 31 
2 1 27 19 
3 21 21 26 
4 14 19 13 
24 8 31 4 
5 3 17 29 
18 24 16 26 
9 6 10 26 
20 13 11 11 
30 18 11 19 
29 26 15 16 
28 6 7 20 
19 29 9 30 
10 19 27 28 
24 29 23 31 
31 24 24 2 
18 19 9 25 
15 17 6 25 
4 30 12 30 
3 28 29 3 
0 0 18 26 
0 9 1 4 
13 12 2 11 
