32 32 
@@@@@@@@@@@@@@@@@@@@@@@@@@@@@@@@
@..@..@.........................
@..@..@.........................
@..@..@..@@@@@@@@@@@@@..@@@@..@.
@.....@..............@..@..@..@.
@.....@..............@..@..@..@.
@..@@@@@@@..@@@@@@@@@@..@..@@@@.
@...........@...........@.....@.
@...........@...........@.....@.
@@@@@@@@@@@@@..@@@@..@@@@..@@@@@
@..............@.....@..@..@....
@..............@.....@..@..@....
@..@@@@@@@@@@@@@@@@@@@..@..@@@@.
@..............@.....@.....@....
@..............@.....@.....@....
@..@@@@@@@..@@@@..@..@@@@..@..@@
@..@........@.....@........@..@.
@..@........@.....@........@..@.
@@@@..@@@@..@..@@@@..@@@@@@@..@.
@.....@.....@..@.....@........@.
@.....@.....@..@.....@........@.
@..@..@@@@@@@..@..@@@@..@@@@@@@.
@..@........@..@..@..@..@.......
@..@........@..@..@..@..@.......
@..@@@@..@@@@..@@@@..@..@@@@@@@.
@..@..@.................@.......
@..@..@.................@.......
@..@..@@@@@@@@@@..@@@@@@@..@@@@.
@..@..@........@..@........@..@.
@..@..@........@..@........@..@.
@..@..@@@@..@..@..@@@@..@@@@..@.
@.....@.....@...........@.......
30 
28 31 13 25 
13 10 14 4 
19 8 25 7 
2 27 3 8 
4 12 2 1 
24 22 18 19 
2 31 19 3 
31 19 28 4 
8 26 25 4 
23 17 11 29 
8 7 3 22 
12 25 22 28 
28 19 8 2 
24 14 12 31 
30 17 19 20 
24 19 26 1 
14 16 22 13 
28 29 26 20 
7 13 7 31 
4 3 29 4 
1 29 4 8 
28 17 18 11 
7 21 4 13 
2 19 6 22 
22 17 6 23 
13 16 26 10 
20 28 28 10 
7 10 28 7 
16 23 25 20 
22 27 6 2 
