32 32 
@@@@@@@@@@@@@@@@@@@@@@@@@@@@@@@@
@..@..@.........................
@..@..@.........................
@..@..@..@@@@@@@@@@@@@..@@@@..@.
@.....@..............@..@..@..@.
@.....@..............@..@..@..@.
@..@@@@@@@..@@@@@@@@@@..@..@@@@.
@...........@...........@.....@.
@...........@...........@.....@.
@@@@@@@@@@@@@..@@@@..@@@@..@@@@@
@..............@.....@..@..@....
@..............@.....@..@..@....
@..@@@@@@@@@@@@@@@@@@@..@..@@@@.
@..............@.....@.....@....
@..............@.....@.....@....
@..@@@@@@@..@@@@..@..@@@@..@..@@
@..@........@.....@........@..@.
@..@........@.....@........@..@.
@@@@..@@@@..@..@@@@..@@@@@@@..@.
@.....@.....@..@.....@........@.
@.....@.....@..@.....@........@.
@..@..@@@@@@@..@..@@@@..@@@@@@@.
@..@........@..@..@..@..@.......
@..@........@..@..@..@..@.......
@..@@@@..@@@@..@@@@..@..@@@@@@@.
@..@..@.................@.......
@..@..@.................@.......
@..@..@@@@@@@@@@..@@@@@@@..@@@@.
@..@..@........@..@........@..@.
@..@..@........@..@........@..@.
@..@..@@@@..@..@..@@@@..@@@@..@.
@.....@.....@...........@.......
20 
1 8 20 4 
4 10 7 22 
24 14 19 11 
16 29 9 26 
20 8 30 4 
4 8 1 12 
4 2 8 23 
28 1 7 4 
1 4 25 13 
16 25 16 31 
13 22 5 7 
23 8 17 1 
29 11 8 17 
26 11 30 1 
8 25 7 18 
2 4 30 29 
25 30 3 5 
2 29 20 24 
22 2 8 21 
11 22 1 27 
